 18.8350       0.00
 18.8650       0.00
 18.8950       0.00
 18.9250       0.00
 18.9550       0.00
 18.9850       0.00
 19.0150       0.00
 19.0450       0.00
 19.0750       0.00
 19.1050       0.00
 19.1350       0.00
 19.1650       0.00
 19.1950       0.00
 19.2250       0.00
 19.2550       0.00
 19.2850       0.00
 19.3150       0.25
 19.3450       0.25
 19.3750       0.25
 19.4050       0.25
 19.4350       0.25
 19.4650       0.25
 19.4950       0.25
 19.5250       0.25
 19.5550       0.25
 19.5850       0.25
 19.6150       0.25
 19.6450       0.25
 19.6750       0.49
 19.7050       0.49
 19.7350       0.49
 19.7650       0.49
 19.7950       0.49
 19.8250       0.49
 19.8550       0.49
 19.8850       0.49
 19.9150       0.49
 19.9450       0.49
 19.9750       0.74
 20.0050       0.74
 20.0350       0.74
 20.0650       0.74
 20.0950       0.74
 20.1250       0.99
 20.1550       0.99
 20.1850       0.99
 20.2150       1.24
 20.2450       1.24
 20.2750       1.49
 20.3050       1.49
 20.3350       1.74
 20.3650       1.99
 20.3950       2.25
 20.4250       2.76
 20.4550       3.01
 20.4850       3.53
 20.5150       4.31
 20.5450       5.10
 20.5750       6.17
 20.6050       8.08
 20.6350      10.60
 20.6650      15.60
 20.6950      25.44
 20.7250      44.12
 20.7550      74.90
 20.7850     115.83
 20.8150     153.06
 20.8450     159.78
 20.8750     129.65
 20.9050      87.64
 20.9350      52.83
 20.9650      30.55
 20.9950      18.05
 21.0250      11.75
 21.0550       8.63
 21.0850       6.71
 21.1150       5.37
 21.1450       4.57
 21.1750       3.79
 21.2050       3.27
 21.2350       2.76
 21.2650       2.50
 21.2950       2.25
 21.3250       1.74
 21.3550       1.49
 21.3850       1.49
 21.4150       1.24
 21.4450       1.24
 21.4750       0.99
 21.5050       1.24
 21.5350       0.99
 21.5650       0.99
 21.5950       0.99
 21.6250       0.74
 21.6550       0.74
 21.6850       0.74
 21.7150       0.74
 21.7450       0.74
 21.7750       0.74
 21.8050       0.74
 21.8350       0.49
 21.8650       0.49
 21.8950       0.49
 21.9250       0.49
 21.9550       0.49
 21.9850       0.74
 22.0150       0.49
 22.0450       0.49
 22.0750       0.49
 22.1050       0.49
 22.1350       0.49
 22.1650       0.49
 22.1950       0.49
 22.2250       0.74
 22.2550       0.74
 22.2850       0.74
 22.3150       0.74
 22.3450       0.49
 22.3750       0.49
 22.4050       0.49
 22.4350       0.74
 22.4650       0.74
 22.4950       0.74
 22.5250       0.74
 22.5550       0.99
 22.5850       0.99
 22.6150       1.24
 22.6450       1.49
 22.6750       1.74
 22.7050       1.99
 22.7350       2.50
 22.7650       3.01
 22.7950       3.53
 22.8250       4.84
 22.8550       6.71
 22.8850      10.60
 22.9150      18.36
 22.9450      31.60
 22.9750      50.81
 23.0050      71.27
 23.0350      80.94
 23.0650      71.27
 23.0950      50.81
 23.1250      31.60
 23.1550      18.36
 23.1850      10.60
 23.2150       6.71
 23.2450       4.84
 23.2750       3.53
 23.3050       3.01
 23.3350       2.50
 23.3650       1.99
 23.3950       1.74
 23.4250       1.49
 23.4550       1.24
 23.4850       0.99
 23.5150       0.99
 23.5450       0.74
 23.5750       0.74
 23.6050       0.74
 23.6350       0.74
 23.6650       0.49
 23.6950       0.49
 23.7250       0.49
 23.7550       0.49
 23.7850       0.49
 23.8150       0.49
 23.8450       0.49
 23.8750       0.25
 23.9050       0.25
 23.9350       0.25
 23.9650       0.25
 23.9950       0.25
 24.0250       0.74
 24.0550       0.74
 24.0850       0.74
 24.1150       0.74
 24.1450       0.74
 24.1750       0.74
 24.2050       0.74
 24.2350       0.74
 24.2650       0.99
 24.2950       0.99
 24.3250       0.99
 24.3550       0.99
 24.3850       0.99
 24.4150       0.99
 24.4450       1.24
 24.4750       1.24
 24.5050       1.24
 24.5350       1.24
 24.5650       1.24
 24.5950       1.24
 24.6250       1.49
 24.6550       1.49
 24.6850       1.49
 24.7150       1.74
 24.7450       1.74
 24.7750       1.99
 24.8050       2.25
 24.8350       2.50
 24.8650       2.76
 24.8950       2.76
 24.9250       3.01
 24.9550       3.53
 24.9850       3.79
 25.0150       4.31
 25.0450       4.57
 25.0750       6.44
 25.1050       7.26
 25.1350       8.08
 25.1650       9.19
 25.1950      10.60
 25.2250      12.33
 25.2550      14.40
 25.2850      17.12
 25.3150      21.20
 25.3450      26.78
 25.3750      36.25
 25.4050      54.88
 25.4350      91.06
 25.4650     156.71
 25.4950     256.62
 25.5250     375.14
 25.5550     454.30
 25.5850     428.08
 25.6150     320.40
 25.6450     206.74
 25.6750     122.94
 25.7050      72.62
 25.7350      46.45
 25.7650      33.37
 25.7950      26.45
 25.8250      22.16
 25.8550      19.29
 25.8850      17.12
 25.9150      15.90
 25.9450      14.69
 25.9750      14.40
 26.0050      14.10
 26.0350      14.10
 26.0650      14.40
 26.0950      14.69
 26.1250      15.60
 26.1550      16.81
 26.1850      18.36
 26.2150      20.24
 26.2450      23.14
 26.2750      26.11
 26.3050      30.55
 26.3350      36.25
 26.3650      44.50
 26.3950      56.54
 26.4250      76.74
 26.4550     115.29
 26.4850     191.84
 26.5150     332.22
 26.5450     549.10
 26.5750     812.71
 26.6050    1000.00
 26.6350     957.38
 26.6650     724.27
 26.6950     469.18
 26.7250     276.64
 26.7550     159.78
 26.7850      98.55
 26.8150      67.26
 26.8450      50.81
 26.8750      40.32
 26.9050      32.66
 26.9350      27.46
 26.9650      23.14
 26.9950      19.92
 27.0250      17.12
 27.0550      14.40
 27.0850      12.63
 27.1150      11.18
 27.1450      10.04
 27.1750       8.91
 27.2050       8.08
 27.2350       7.26
 27.2650       6.71
 27.2950       6.17
 27.3250       5.63
 27.3550       5.10
 27.3850       4.84
 27.4150       4.31
 27.4450       4.05
 27.4750       3.79
 27.5050       3.53
 27.5350       3.27
 27.5650       3.27
 27.5950       3.01
 27.6250       2.76
 27.6550       2.76
 27.6850       2.50
 27.7150       2.50
 27.7450       2.25
 27.7750       2.25
 27.8050       1.99
 27.8350       1.74
 27.8650       3.01
 27.8950       3.01
 27.9250       3.01
 27.9550       3.01
 27.9850       3.01
 28.0150       3.01
 28.0450       3.01
 28.0750       3.01
 28.1050       1.74
 28.1350       1.74
 28.1650       1.74
 28.1950       1.99
 28.2250       2.25
 28.2550       2.25
 28.2850       2.50
 28.3150       2.50
 28.3450       2.76
 28.3750       2.76
 28.4050       3.01
 28.4350       3.27
 28.4650       3.27
 28.4950       3.53
 28.5250       3.79
 28.5550       4.05
 28.5850       4.31
 28.6150       4.84
 28.6450       5.10
 28.6750       5.63
 28.7050       6.17
 28.7350       6.71
 28.7650       7.26
 28.7950       8.08
 28.8250       8.91
 28.8550      10.04
 28.8850      11.18
 28.9150      12.63
 28.9450      14.40
 28.9750      16.51
 29.0050      19.29
 29.0350      22.48
 29.0650      26.78
 29.0950      31.95
 29.1250      39.20
 29.1550      50.01
 29.1850      66.81
 29.2150      97.54
 29.2450     159.16
 29.2750     275.08
 29.3050     468.18
 29.3350     723.04
 29.3650     955.98
 29.3950     998.56
 29.4250     811.42
 29.4550     548.02
 29.4850     330.52
 29.5150     190.51
 29.5450     113.68
 29.5750      74.90
 29.6050      54.47
 29.6350      42.59
 29.6650      34.08
 29.6950      28.14
 29.7250      23.79
 29.7550      20.24
 29.7850      17.43
 29.8150      14.99
 29.8450      13.21
 29.8750      11.75
 29.9050      10.32
 29.9350       9.47
 29.9650       8.36
 29.9950       7.53
 30.0250       6.98
 30.0550       6.17
 30.0850       5.63
 30.1150       5.37
 30.1450       4.84
 30.1750       4.57
 30.2050       4.31
 30.2350       4.05
 30.2650       3.79
 30.2950       3.53
 30.3250       3.27
 30.3550       3.01
 30.3850       2.76
 30.4150       2.76
 30.4450       2.50
 30.4750       2.50
 30.5050       2.50
 30.5350       2.25
 30.5650       2.25
 30.5950       2.25
 30.6250       1.99
 30.6550       1.74
 30.6850       1.74
 30.7150       1.74
 30.7450       1.74
 30.7750       1.49
 30.8050       1.49
 30.8350       1.49
 30.8650       1.49
 30.8950       0.25
 30.9250       0.25
 30.9550       0.25
 30.9850       0.25
 31.0150       0.49
 31.0450       0.49
 31.0750       0.49
 31.1050       0.49
 31.1350       0.74
 31.1650       0.74
 31.1950       0.99
 31.2250       1.49
 31.2550       2.25
 31.2850       3.79
 31.3150       6.44
 31.3450      10.89
 31.3750      16.20
 31.4050      19.92
 31.4350      19.29
 31.4650      14.40
 31.4950       9.47
 31.5250       5.37
 31.5550       3.27
 31.5850       1.99
 31.6150       1.24
 31.6450       0.99
 31.6750       0.74
 31.7050       0.74
 31.7350       0.49
 31.7650       0.49
 31.7950       0.49
 31.8250       0.25
 31.8550       0.25
 31.8850       0.25
 31.9150       0.25
 31.9450       0.25
 31.9750       0.25
 32.0050       0.25
 32.0350       0.25
 32.0650       0.25
 32.0950       0.25
 32.1250       0.25
 32.1550       0.25
 32.1850       0.25
 32.2150       0.25
 32.2450       0.25
 32.2750       0.25
 32.3050       0.25
 32.3350       0.25
 32.3650       0.00
 32.3950       0.00
 32.4250       0.00
 32.4550       0.00
 32.4850       0.00
 32.5150       0.00
 32.5450       0.00
 32.5750       0.00
 32.6050       0.00
 32.6350       0.00
 32.6650       0.00
 32.6950       0.00
 32.7250       0.00
 32.7550       0.00
 32.7850       0.00
 32.8150       0.00
 32.8450       0.00
 32.8750       0.00
 32.9050       0.00
 32.9350       0.00
 32.9650       0.00
 32.9950       0.00
 33.0250       0.00
 33.0550       0.00
 33.0850       0.00
 33.1150       0.00
 33.1450       0.00
 33.1750       0.00
 33.2050       0.00
 33.2350       0.00
 33.2650       0.00
 33.2950       0.00
 33.3250       0.00
 33.3550       0.00
 33.3850       0.00
 33.4150       0.00
 33.4450       0.00
 33.4750       0.00
 33.5050       0.00
 33.5350       0.00
 33.5650       0.00
 33.5950       1.24
 33.6250       1.24
 33.6550       1.24
 33.6850       1.24
 33.7150       1.49
 33.7450       1.49
 33.7750       1.49
 33.8050       1.49
 33.8350       1.74
 33.8650       1.74
 33.8950       1.74
 33.9250       1.99
 33.9550       1.99
 33.9850       2.25
 34.0150       2.25
 34.0450       2.50
 34.0750       2.50
 34.1050       2.76
 34.1350       2.76
 34.1650       3.01
 34.1950       3.27
 34.2250       3.53
 34.2550       3.53
 34.2850       3.79
 34.3150       4.31
 34.3450       4.57
 34.3750       4.84
 34.4050       5.37
 34.4350       5.90
 34.4650       6.44
 34.4950       6.98
 34.5250       7.80
 34.5550       8.63
 34.5850       9.47
 34.6150      10.60
 34.6450      11.75
 34.6750      13.51
 34.7050      15.29
 34.7350      17.43
 34.7650      20.24
 34.7950      23.79
 34.8250      28.14
 34.8550      34.08
 34.8850      42.20
 34.9150      54.06
 34.9450      73.53
 34.9750     110.48
 35.0050     183.92
 35.0350     319.56
 35.0650     532.00
 35.0950     794.63
 35.1250     992.83
 35.1550     967.25
 35.1850     741.57
 35.2150     484.28
 35.2450     286.91
 35.2750     165.99
 35.3050     101.61
 35.3350      69.47
 35.3650      52.02
 35.3950      41.45
 35.4250      34.08
 35.4550      28.82
 35.4850      24.78
 35.5150      21.84
 35.5450      19.29
 35.5750      17.74
 35.6050      16.51
 35.6350      15.60
 35.6650      15.29
 35.6950      15.29
 35.7250      16.20
 35.7550      18.05
 35.7850      23.14
 35.8150      33.37
 35.8450      52.43
 35.8750      82.36
 35.9050     119.09
 35.9350     144.69
 35.9650     138.82
 35.9950     106.27
 36.0250      69.92
 36.0550      42.97
 36.0850      26.78
 36.1150      18.05
 36.1450      13.80
 36.1750      11.75
 36.2050      10.32
 36.2350      10.04
 36.2650       9.75
 36.2950      10.04
 36.3250      10.89
 36.3550      13.21
 36.3850      18.36
 36.4150      28.48
 36.4450      46.06
 36.4750      68.58
 36.5050      89.10
 36.5350      93.03
 36.5650      75.82
 36.5950      52.02
 36.6250      30.90
 36.6550      18.36
 36.6850      11.46
 36.7150       7.80
 36.7450       6.17
 36.7750       5.10
 36.8050       4.31
 36.8350       3.79
 36.8650       3.53
 36.8950       3.01
 36.9250       2.76
 36.9550       2.76
 36.9850       2.50
 37.0150       2.50
 37.0450       2.50
 37.0750       2.25
 37.1050       2.50
 37.1350       2.50
 37.1650       2.76
 37.1950       2.76
 37.2250       2.76
 37.2550       3.01
 37.2850       3.27
 37.3150       3.53
 37.3450       4.05
 37.3750       4.31
 37.4050       4.84
 37.4350       5.63
 37.4650       6.71
 37.4950       8.08
 37.5250      10.04
 37.5550      13.51
 37.5850      19.29
 37.6150      30.20
 37.6450      52.02
 37.6750      89.10
 37.7050     140.57
 37.7350     193.18
 37.7650     212.28
 37.7950     180.66
 37.8250     126.28
 37.8550      77.67
 37.8850      44.89
 37.9150      26.78
 37.9450      17.43
 37.9750      12.63
 38.0050       9.75
 38.0350       7.80
 38.0650       6.44
 38.0950       5.63
 38.1250       4.84
 38.1550       4.31
 38.1850       3.79
 38.2150       3.27
 38.2450       3.01
 38.2750       2.76
 38.3050       2.76
 38.3350       2.50
 38.3650       2.25
 38.3950       2.25
 38.4250       2.25
 38.4550       2.25
 38.4850       2.25
 38.5150       2.25
 38.5450       1.99
 38.5750       1.99
 38.6050       1.99
 38.6350       2.25
 38.6650       2.25
 38.6950       2.25
 38.7250       2.50
 38.7550       2.76
 38.7850       2.76
 38.8150       2.76
 38.8450       3.01
 38.8750       3.27
 38.9050       3.53
 38.9350       4.05
 38.9650       4.57
 38.9950       5.10
 39.0250       5.90
 39.0550       6.98
 39.0850       8.36
 39.1150       9.75
 39.1450      12.04
 39.1750      15.29
 39.2050      21.20
 39.2350      31.95
 39.2650      52.83
 39.2950      90.07
 39.3250     145.87
 39.3550     210.20
 39.3850     254.35
 39.4150     249.84
 39.4450     208.12
 39.4750     149.45
 39.5050      96.03
 39.5350      58.21
 39.5650      35.16
 39.5950      22.81
 39.6250      16.20
 39.6550      12.33
 39.6850      10.04
 39.7150       8.36
 39.7450       6.98
 39.7750       5.90
 39.8050       5.37
 39.8350       4.84
 39.8650       4.31
 39.8950       4.05
 39.9250       3.79
 39.9550       3.53
 39.9850       3.79
 40.0150       3.79
 40.0450       4.05
 40.0750       4.57
 40.1050       6.17
 40.1350       9.19
 40.1650      14.69
 40.1950      23.14
 40.2250      33.73
 40.2550      41.07
 40.2850      39.20
 40.3150      29.86
 40.3450      19.61
 40.3750      11.75
 40.4050       6.98
 40.4350       4.57
 40.4650       3.53
 40.4950       2.76
 40.5250       2.25
 40.5550       1.74
 40.5850       1.49
 40.6150       1.49
 40.6450       1.24
 40.6750       1.24
 40.7050       0.99
 40.7350       0.99
 40.7650       0.99
 40.7950       0.99
 40.8250       0.99
 40.8550       0.74
 40.8850       0.74
 40.9150       0.74
 40.9450       0.49
 40.9750       0.49
 41.0050       0.49
 41.0350       0.49
 41.0650       0.49
 41.0950       0.49
 41.1250       0.49
 41.1550       0.49
 41.1850       0.49
 41.2150       0.49
 41.2450       0.49
 41.2750       0.74
 41.3050       0.74
 41.3350       0.74
 41.3650       0.99
 41.3950       0.99
 41.4250       1.24
 41.4550       1.49
 41.4850       2.25
 41.5150       3.27
 41.5450       5.37
 41.5750       8.91
 41.6050      14.10
 41.6350      19.29
 41.6650      20.88
 41.6950      17.43
 41.7250      12.33
 41.7550       7.80
 41.7850       4.84
 41.8150       3.79
 41.8450       3.27
 41.8750       2.76
 41.9050       2.76
 41.9350       2.50
 41.9650       2.76
 41.9950       3.01
 42.0250       3.01
 42.0550       3.27
 42.0850       3.27
 42.1150       3.53
 42.1450       4.05
 42.1750       4.57
 42.2050       5.37
 42.2350       6.71
 42.2650       9.19
 42.2950      13.80
 42.3250      22.48
 42.3550      35.89
 42.3850      51.62
 42.4150      63.33
 42.4450      60.75
 42.4750      47.23
 42.5050      31.95
 42.5350      20.88
 42.5650      14.10
 42.5950      10.89
 42.6250       9.47
 42.6550       8.91
 42.6850       9.19
 42.7150       9.19
 42.7450       9.75
 42.7750      10.60
 42.8050      11.75
 42.8350      13.21
 42.8650      14.99
 42.8950      17.43
 42.9250      20.88
 42.9550      26.78
 42.9850      36.25
 43.0150      54.47
 43.0450      84.26
 43.0750     127.40
 43.1050     174.86
 43.1350     204.68
 43.1650     203.31
 43.1950     199.23
 43.2250     232.17
 43.2550     325.44
 43.2850     475.19
 43.3150     629.19
 43.3450     675.93
 43.3750     564.26
 43.4050     390.59
 43.4350     239.46
 43.4650     139.41
 43.4950      83.31
 43.5250      54.88
 43.5550      39.94
 43.5850      31.25
 43.6150      25.44
 43.6450      20.88
 43.6750      17.74
 43.7050      14.99
 43.7350      12.92
 43.7650      11.46
 43.7950      10.04
 43.8250       8.91
 43.8550       8.08
 43.8850       7.26
 43.9150       6.44
 43.9450       5.63
 43.9750       5.37
 44.0050       4.84
 44.0350       4.31
 44.0650       4.05
 44.0950       3.79
 44.1250       3.53
 44.1550       3.27
 44.1850       3.01
 44.2150       2.76
 44.2450       2.76
 44.2750       2.50
 44.3050       2.50
 44.3350       2.25
 44.3650       1.99
 44.3950       1.99
 44.4250       1.74
 44.4550       1.74
 44.4850       1.74
 44.5150       1.74
 44.5450       1.74
 44.5750       1.49
 44.6050       1.49
 44.6350       1.24
 44.6650       1.24
 44.6950       1.24
 44.7250       0.99
 44.7550       0.99
 44.7850       0.99
 44.8150       0.99
 44.8450       0.25
 44.8750       0.25
 44.9050       0.25
 44.9350       0.25
 44.9650       0.25
 44.9950       0.25
 45.0250       0.25
 45.0550       0.25
 45.0850       0.25
 45.1150       0.25
 45.1450       0.25
 45.1750       0.25
 45.2050       0.49
 45.2350       0.49
 45.2650       0.49
 45.2950       0.49
 45.3250       0.49
 45.3550       0.74
 45.3850       0.74
 45.4150       0.99
 45.4450       0.99
 45.4750       1.24
 45.5050       1.49
 45.5350       2.25
 45.5650       3.01
 45.5950       4.05
 45.6250       6.71
 45.6550      11.18
 45.6850      18.98
 45.7150      29.17
 45.7450      38.45
 45.7750      40.32
 45.8050      32.66
 45.8350      22.48
 45.8650      13.51
 45.8950       8.08
 45.9250       5.10
 45.9550       4.05
 45.9850       3.53
 46.0150       3.53
 46.0450       4.31
 46.0750       5.90
 46.1050       8.36
 46.1350      10.60
 46.1650      11.46
 46.1950       9.75
 46.2250       6.98
 46.2550       4.57
 46.2850       3.01
 46.3150       2.50
 46.3450       1.99
 46.3750       1.74
 46.4050       1.49
 46.4350       1.74
 46.4650       1.49
 46.4950       1.74
 46.5250       1.74
 46.5550       1.49
 46.5850       1.74
 46.6150       1.99
 46.6450       2.25
 46.6750       2.50
 46.7050       2.50
 46.7350       3.01
 46.7650       3.27
 46.7950       3.79
 46.8250       4.05
 46.8550       5.10
 46.8850       6.17
 46.9150       8.63
 46.9450      13.51
 46.9750      21.52
 47.0050      35.16
 47.0350      53.24
 47.0650      70.37
 47.0950      74.44
 47.1250      62.03
 47.1550      44.50
 47.1850      30.20
 47.2150      21.84
 47.2450      18.05
 47.2750      18.36
 47.3050      22.16
 47.3350      31.60
 47.3650      50.81
 47.3950      85.70
 47.4250     135.35
 47.4550     189.19
 47.4850     215.07
 47.5150     189.19
 47.5450     134.78
 47.5750      84.74
 47.6050      49.61
 47.6350      29.86
 47.6650      19.29
 47.6950      14.10
 47.7250      11.18
 47.7550       9.47
 47.7850       8.08
 47.8150       6.98
 47.8450       6.44
 47.8750       5.90
 47.9050       5.37
 47.9350       5.37
 47.9650       5.10
 47.9950       5.10
 48.0250       5.37
 48.0550       5.63
 48.0850       5.63
 48.1150       6.17
 48.1450       6.98
 48.1750       7.80
 48.2050       9.19
 48.2350      10.89
 48.2650      13.51
 48.2950      18.36
 48.3250      27.12
 48.3550      44.89
 48.3850      76.74
 48.4150     126.84
 48.4450     187.20
 48.4750     230.72
 48.5050     220.71
 48.5350     167.25
 48.5650     108.37
 48.5950      63.76
 48.6250      36.98
 48.6550      23.14
 48.6850      15.90
 48.7150      12.04
 48.7450       9.75
 48.7750       8.08
 48.8050       6.71
 48.8350       5.63
 48.8650       4.84
 48.8950       4.31
 48.9250       3.79
 48.9550       3.53
 48.9850       2.76
 49.0150       2.50
 49.0450       2.25
 49.0750       2.25
 49.1050       2.25
 49.1350       1.99
 49.1650       1.74
 49.1950       1.74
 49.2250       1.74
 49.2550       1.49
 49.2850       1.49
 49.3150       1.49
 49.3450       1.49
 49.3750       1.49
 49.4050       1.49
 49.4350       1.49
 49.4650       1.49
 49.4950       1.49
 49.5250       1.74
 49.5550       1.74
 49.5850       1.74
 49.6150       1.99
 49.6450       2.25
 49.6750       2.25
 49.7050       2.50
 49.7350       3.01
 49.7650       3.27
 49.7950       3.79
 49.8250       4.57
 49.8550       5.63
 49.8850       6.98
 49.9150       8.91
 49.9450      13.21
 49.9750      20.88
 50.0050      36.62
 50.0350      61.60
 50.0650      95.03
 50.0950     125.16
 50.1250     129.65
 50.1550     104.19
 50.1850      69.92
 50.2150      42.20
 50.2450      24.45
 50.2750      14.69
 50.3050       9.75
 50.3350       6.98
 50.3650       5.37
 50.3950       4.31
 50.4250       3.53
 50.4550       3.01
 50.4850       2.50
 50.5150       2.25
 50.5450       1.99
 50.5750       1.74
 50.6050       1.49
 50.6350       1.24
 50.6650       1.24
 50.6950       0.99
 50.7250       0.99
 50.7550       0.99
 50.7850       0.74
 50.8150       0.74
 50.8450       0.74
 50.8750       0.74
 50.9050       0.49
 50.9350       0.49
 50.9650       0.49
 50.9950       0.99
 51.0250       0.74
 51.0550       0.74
 51.0850       0.74
 51.1150       0.99
 51.1450       0.99
 51.1750       0.74
 51.2050       0.74
 51.2350       0.74
 51.2650       0.99
 51.2950       0.99
 51.3250       0.99
 51.3550       0.99
 51.3850       0.99
 51.4150       0.99
 51.4450       0.99
 51.4750       0.99
 51.5050       0.99
 51.5350       0.99
 51.5650       1.24
 51.5950       1.24
 51.6250       1.24
 51.6550       1.24
 51.6850       1.24
 51.7150       1.49
 51.7450       1.49
 51.7750       1.74
 51.8050       1.74
 51.8350       1.99
 51.8650       2.25
 51.8950       2.50
 51.9250       2.50
 51.9550       2.76
 51.9850       3.27
 52.0150       3.53
 52.0450       4.05
 52.0750       4.57
 52.1050       5.10
 52.1350       5.90
 52.1650       6.98
 52.1950       8.08
 52.2250       9.75
 52.2550      11.75
 52.2850      14.69
 52.3150      18.67
 52.3450      25.78
 52.3750      39.20
 52.4050      65.94
 52.4350     114.22
 52.4650     189.19
 52.4950     279.00
 52.5250     340.78
 52.5550     322.92
 52.5850     243.15
 52.6150     156.71
 52.6450      92.04
 52.6750      53.24
 52.7050      32.66
 52.7350      22.48
 52.7650      16.81
 52.7950      13.21
 52.8250      10.89
 52.8550       8.91
 52.8850       7.53
 52.9150       6.44
 52.9450       5.63
 52.9750       4.84
 53.0050       4.31
 53.0350       3.79
 53.0650       3.27
 53.0950       3.01
 53.1250       2.76
 53.1550       2.50
 53.1850       2.25
 53.2150       2.25
 53.2450       1.74
 53.2750       1.74
 53.3050       1.49
 53.3350       1.49
 53.3650       1.24
 53.3950       1.24
 53.4250       1.24
 53.4550       1.24
 53.4850       0.99
 53.5150       0.99
 53.5450       0.99
 53.5750       0.99
 53.6050       0.99
 53.6350       0.99
 53.6650       0.99
 53.6950       0.74
 53.7250       0.74
 53.7550       0.74
 53.7850       0.74
 53.8150       0.74
 53.8450       0.74
 53.8750       0.74
 53.9050       0.74
 53.9350       0.74
 53.9650       0.74
 53.9950       0.49
 54.0250       0.25
 54.0550       0.25
 54.0850       0.25
 54.1150       0.25
 54.1450       0.25
 54.1750       0.25
 54.2050       0.25
 54.2350       0.25
 54.2650       0.25
 54.2950       0.49
 54.3250       0.49
 54.3550       0.49
 54.3850       0.74
 54.4150       0.74
 54.4450       0.74
 54.4750       0.99
 54.5050       0.99
 54.5350       1.24
 54.5650       1.49
 54.5950       1.74
 54.6250       2.25
 54.6550       3.01
 54.6850       4.57
 54.7150       7.53
 54.7450      12.92
 54.7750      21.52
 54.8050      31.95
 54.8350      39.94
 54.8650      38.82
 54.8950      29.86
 54.9250      19.61
 54.9550      11.75
 54.9850       6.98
 55.0150       4.57
 55.0450       3.53
 55.0750       3.01
 55.1050       3.01
 55.1350       3.27
 55.1650       4.05
 55.1950       6.17
 55.2250      10.04
 55.2550      14.99
 55.2850      19.61
 55.3150      20.88
 55.3450      16.81
 55.3750      11.75
 55.4050       7.26
 55.4350       4.31
 55.4650       2.76
 55.4950       1.74
 55.5250       1.49
 55.5550       1.24
 55.5850       0.99
 55.6150       0.74
 55.6450       0.74
 55.6750       0.74
 55.7050       0.74
 55.7350       0.49
 55.7650       0.49
 55.7950       0.74
 55.8250       0.74
 55.8550       0.74
 55.8850       0.74
 55.9150       0.74
 55.9450       1.74
 55.9750       1.74
 56.0050       1.99
 56.0350       1.99
 56.0650       2.25
 56.0950       2.25
 56.1250       2.50
 56.1550       2.76
 56.1850       2.76
 56.2150       3.01
 56.2450       3.27
 56.2750       3.53
 56.3050       4.05
 56.3350       4.84
 56.3650       6.17
 56.3950       8.91
 56.4250      13.51
 56.4550      21.20
 56.4850      31.60
 56.5150      41.07
 56.5450      43.35
 56.5750      36.25
 56.6050      26.11
 56.6350      17.74
 56.6650      12.33
 56.6950       9.47
 56.7250       8.36
 56.7550       7.80
 56.7850       7.80
 56.8150       8.08
 56.8450       8.63
 56.8750       9.19
 56.9050       9.75
 56.9350      10.89
 56.9650      11.75
 56.9950      13.51
 57.0250      15.29
 57.0550      17.12
 57.0850      19.92
 57.1150      23.46
 57.1450      27.80
 57.1750      34.44
 57.2050      44.50
 57.2350      60.75
 57.2650      88.12
 57.2950     132.49
 57.3250     198.56
 57.3550     293.31
 57.3850     420.46
 57.4150     596.31
 57.4450     801.07
 57.4750     926.70
 57.5050     846.81
 57.5350     623.46
 57.5650     397.03
 57.5950     233.62
 57.6250     136.51
 57.6550      85.70
 57.6850      59.90
 57.7150      45.67
 57.7450      36.62
 57.7750      30.20
 57.8050      25.44
 57.8350      21.52
 57.8650      18.67
 57.8950      16.51
 57.9250      15.29
 57.9550      15.29
 57.9850      15.90
 58.0150      17.43
 58.0450      18.36
 58.0750      17.43
 58.1050      14.40
 58.1350      11.18
 58.1650       8.63
 58.1950       6.98
 58.2250       5.90
 58.2550       5.37
 58.2850       4.84
 58.3150       4.31
 58.3450       3.79
 58.3750       3.79
 58.4050       3.53
 58.4350       3.27
 58.4650       3.27
 58.4950       3.01
 58.5250       2.76
 58.5550       2.76
 58.5850       2.76
 58.6150       2.50
 58.6450       2.25
 58.6750       2.25
 58.7050       2.25
 58.7350       1.74
 58.7650       1.74
 58.7950       1.74
 58.8250       1.74
 58.8550       1.49
 58.8850       1.49
 58.9150       1.49
 58.9450       1.49
 58.9750       0.25
 59.0050       0.25
 59.0350       0.25
 59.0650       0.49
 59.0950       0.74
 59.1250       0.74
 59.1550       0.74
 59.1850       0.74
 59.2150       0.74
 59.2450       0.74
 59.2750       0.99
 59.3050       0.99
 59.3350       0.99
 59.3650       1.24
 59.3950       1.24
 59.4250       1.49
 59.4550       1.74
 59.4850       1.74
 59.5150       2.25
 59.5450       2.76
 59.5750       3.53
 59.6050       4.84
 59.6350       6.98
 59.6650      10.04
 59.6950      13.51
 59.7250      16.51
 59.7550      18.05
 59.7850      20.88
 59.8150      29.17
 59.8450      44.89
 59.8750      67.26
 59.9050      87.64
 59.9350      91.06
 59.9650      73.99
 59.9950      50.41
 60.0250      30.90
 60.0550      18.36
 60.0850      11.46
 60.1150       7.80
 60.1450       6.17
 60.1750       5.10
 60.2050       4.84
 60.2350       4.57
 60.2650       4.31
 60.2950       4.31
 60.3250       4.31
 60.3550       4.31
 60.3850       4.84
 60.4150       5.37
 60.4450       6.44
 60.4750       8.91
 60.5050      13.51
 60.5350      21.52
 60.5650      34.80
 60.5950      50.41
 60.6250      62.03
 60.6550      60.32
 60.6850      46.84
 60.7150      31.95
 60.7450      20.88
 60.7750      14.40
 60.8050      11.75
 60.8350      11.75
 60.8650      14.99
 60.8950      20.24
 60.9250      28.48
 60.9550      36.98
 60.9850      41.45
 61.0150      40.69
 61.0450      38.82
 61.0750      38.82
 61.1050      40.32
 61.1350      42.20
 61.1650      49.61
 61.1950      69.03
 61.2250     102.13
 61.2550     141.16
 61.2850     164.12
 61.3150     154.27
 61.3450     121.29
 61.3750      83.31
 61.4050      52.02
 61.4350      31.60
 61.4650      19.61
 61.4950      13.21
 61.5250       9.75
 61.5550       7.53
 61.5850       6.17
 61.6150       5.10
 61.6450       4.31
 61.6750       3.79
 61.7050       3.27
 61.7350       2.76
 61.7650       2.76
 61.7950       2.25
 61.8250       2.25
 61.8550       1.74
 61.8850       1.74
 61.9150       1.49
 61.9450       1.49
 61.9750       1.49
 62.0050       1.24
 62.0350       0.99
 62.0650       0.99
 62.0950       0.99
 62.1250       0.74
 62.1550       0.74
 62.1850       0.74
 62.2150       0.74
 62.2450       0.74
 62.2750       0.74
 62.3050       0.74
 62.3350       0.74
 62.3650       0.74
 62.3950       0.49
 62.4250       0.49
 62.4550       0.49
 62.4850       0.49
 62.5150       0.49
 62.5450       0.49
 62.5750       0.49
 62.6050       0.49
 62.6350       0.74
 62.6650       0.74
 62.6950       0.74
 62.7250       0.74
 62.7550       0.74
 62.7850       0.99
 62.8150       1.24
 62.8450       1.74
 62.8750       2.76
 62.9050       4.57
 62.9350       7.80
 62.9650      12.33
 62.9950      17.74
 63.0250      20.24
 63.0550      18.05
 63.0850      13.21
 63.1150       8.36
 63.1450       4.84
 63.1750       3.01
 63.2050       1.99
 63.2350       1.49
 63.2650       1.24
 63.2950       0.99
 63.3250       0.99
 63.3550       0.74
 63.3850       0.74
 63.4150       0.74
 63.4450       0.49
 63.4750       0.49
 63.5050       0.74
 63.5350       0.74
 63.5650       0.74
 63.5950       0.74
 63.6250       0.74
 63.6550       0.74
 63.6850       0.99
 63.7150       0.99
 63.7450       1.24
 63.7750       1.24
 63.8050       1.74
 63.8350       2.50
 63.8650       3.79
 63.8950       5.90
 63.9250       9.75
 63.9550      14.99
 63.9850      19.61
 64.0150      20.56
 64.0450      16.81
 64.0750      11.75
 64.1050       7.26
 64.1350       4.57
 64.1650       3.27
 64.1950       2.76
 64.2250       2.50
 64.2550       2.50
 64.2850       2.50
 64.3150       3.01
 64.3450       3.53
 64.3750       4.05
 64.4050       4.84
 64.4350       6.44
 64.4650       9.75
 64.4950      16.20
 64.5250      27.80
 64.5550      45.67
 64.5850      66.38
 64.6150      80.47
 64.6450      75.82
 64.6750      56.96
 64.7050      36.25
 64.7350      21.52
 64.7650      12.63
 64.7950       7.80
 64.8250       5.37
 64.8550       4.31
 64.8850       3.53
 64.9150       3.01
 64.9450       2.50
 64.9750       2.25
 65.0050       1.99
 65.0350       1.99
 65.0650       1.74
 65.0950       1.74
 65.1250       1.74
 65.1550       1.74
 65.1850       1.74
 65.2150       1.74
 65.2450       1.74
 65.2750       1.99
 65.3050       2.25
 65.3350       2.50
 65.3650       3.01
 65.3950       3.53
 65.4250       4.84
 65.4550       7.26
 65.4850      12.33
 65.5150      19.92
 65.5450      30.20
 65.5750      39.57
 65.6050      41.07
 65.6350      33.37
 65.6650      22.81
 65.6950      14.10
 65.7250       8.63
 65.7550       5.63
 65.7850       4.31
 65.8150       3.53
 65.8450       3.27
 65.8750       3.01
 65.9050       3.01
 65.9350       3.01
 65.9650       3.27
 65.9950       3.27
 66.0250       3.53
 66.0550       3.79
 66.0850       4.31
 66.1150       4.57
 66.1450       5.37
 66.1750       6.44
 66.2050       7.53
 66.2350       9.19
 66.2650      11.18
 66.2950      14.69
 66.3250      20.88
 66.3550      33.37
 66.3850      56.96
 66.4150      97.54
 66.4450     154.27
 66.4750     211.59
 66.5050     232.89
 66.5350     197.88
 66.5650     138.24
 66.5950      85.22
 66.6250      49.21
 66.6550      29.51
 66.6850      19.29
 66.7150      14.10
 66.7450      10.89
 66.7750       8.91
 66.8050       7.53
 66.8350       6.71
 66.8650       5.90
 66.8950       5.10
 66.9250       4.57
 66.9550       4.05
 66.9850       3.79
 67.0150       3.53
 67.0450       3.27
 67.0750       3.27
 67.1050       3.01
 67.1350       3.27
 67.1650       3.01
 67.1950       3.27
 67.2250       3.01
 67.2550       3.27
 67.2850       3.27
 67.3150       3.27
 67.3450       3.79
 67.3750       4.05
 67.4050       4.31
 67.4350       4.84
 67.4650       5.37
 67.4950       6.44
 67.5250       7.80
 67.5550      10.32
 67.5850      15.60
 67.6150      24.78
 67.6450      38.82
 67.6750      54.88
 67.7050      65.50
 67.7350      62.03
 67.7650      48.42
 67.7950      34.08
 67.8250      24.45
 67.8550      19.61
 67.8850      18.05
 67.9150      19.29
 67.9450      22.81
 67.9750      29.86
 68.0050      43.35
 68.0350      67.70
 68.0650     107.32
 68.0950     162.87
 68.1250     227.84
 68.1550     290.10
 68.1850     329.67
 68.2150     312.91
 68.2450     252.09
 68.2750     183.27
 68.3050     122.94
 68.3350      77.67
 68.3650      48.81
 68.3950      31.95
 68.4250      22.48
 68.4550      16.51
 68.4850      13.21
 68.5150      10.89
 68.5450       9.47
 68.5750       7.80
 68.6050       6.71
 68.6350       5.90
 68.6650       5.37
 68.6950       4.57
 68.7250       4.05
 68.7550       3.79
 68.7850       3.27
 68.8150       3.27
 68.8450       3.01
 68.8750       3.01
 68.9050       2.76
 68.9350       2.50
 68.9650       2.76
 68.9950       3.01
 69.0250       3.53
 69.0550       4.84
 69.0850       6.98
 69.1150       9.47
 69.1450      11.18
 69.1750      11.18
 69.2050       8.63
 69.2350       5.90
 69.2650       4.05
 69.2950       2.76
 69.3250       2.25
 69.3550       1.49
 69.3850       1.49
 69.4150       1.24
 69.4450       1.24
 69.4750       1.24
 69.5050       0.99
 69.5350       0.99
 69.5650       0.99
 69.5950       0.99
 69.6250       0.99
 69.6550       0.99
 69.6850       0.49
 69.7150       0.74
 69.7450       0.49
 69.7750       0.74
 69.8050       0.74
 69.8350       0.74
 69.8650       0.74
 69.8950       0.99
 69.9250       0.99
 69.9550       1.24
 69.9850       1.49
 70.0150       2.25
 70.0450       3.01
 70.0750       4.84
 70.1050       8.36
 70.1350      13.80
 70.1650      21.52
 70.1950      29.17
 70.2250      30.90
 70.2550      26.11
 70.2850      19.29
 70.3150      14.40
 70.3450      12.33
 70.3750      12.33
 70.4050      12.33
 70.4350      10.32
 70.4650       7.53
 70.4950       4.84
 70.5250       3.01
 70.5550       1.99
 70.5850       1.49
 70.6150       0.99
 70.6450       0.74
 70.6750       0.74
 70.7050       0.74
 70.7350       0.49
 70.7650       0.49
 70.7950       0.49
 70.8250       0.49
 70.8550       0.49
 70.8850       0.25
 70.9150       0.25
 70.9450       0.25
 70.9750       0.25
 71.0050       0.25
 71.0350       0.25
 71.0650       0.25
 71.0950       0.25
 71.1250       0.25
 71.1550       0.25
 71.1850       0.25
 71.2150       0.25
 71.2450       0.25
 71.2750       0.25
 71.3050       0.25
 71.3350       0.25
 71.3650       0.00
 71.3950       0.00
 71.4250       0.00
 71.4550       0.00
 71.4850       0.00
 71.5150       0.00
 71.5450       0.00
 71.5750       0.00
 71.6050       0.00
 71.6350       0.00
 71.6650       0.00
 71.6950       0.00
 71.7250       0.25
 71.7550       0.25
 71.7850       0.25
 71.8150       0.25
 71.8450       0.25
 71.8750       0.25
 71.9050       0.25
 71.9350       0.25
 71.9650       0.25
 71.9950       0.25
 72.0250       0.25
 72.0550       0.25
 72.0850       0.25
 72.1150       0.25
 72.1450       0.25
 72.1750       0.25
 72.2050       0.25
 72.2350       0.25
 72.2650       0.25
 72.2950       0.25
 72.3250       0.25
 72.3550       0.49
 72.3850       0.49
 72.4150       0.49
 72.4450       0.49
 72.4750       0.49
 72.5050       0.74
 72.5350       0.99
 72.5650       0.99
 72.5950       1.24
 72.6250       1.49
 72.6550       2.25
 72.6850       3.01
 72.7150       4.84
 72.7450       8.36
 72.7750      14.10
 72.8050      21.84
 72.8350      28.82
 72.8650      30.20
 72.8950      24.45
 72.9250      16.81
 72.9550      10.04
 72.9850       5.90
 73.0150       3.53
 73.0450       2.76
 73.0750       1.99
 73.1050       1.74
 73.1350       1.74
 73.1650       1.49
 73.1950       1.49
 73.2250       1.74
 73.2550       2.25
 73.2850       3.01
 73.3150       5.10
 73.3450       8.36
 73.3750      13.21
 73.4050      18.36
 73.4350      20.88
 73.4650      18.05
 73.4950      12.92
 73.5250       8.08
 73.5550       4.84
 73.5850       3.01
 73.6150       1.99
 73.6450       1.49
 73.6750       1.24
 73.7050       0.99
 73.7350       0.74
 73.7650       0.99
 73.7950       0.74
 73.8250       0.74
 73.8550       0.74
 73.8850       0.74
 73.9150       0.74
 73.9450       0.99
 73.9750       0.74
 74.0050       0.74
 74.0350       0.99
 74.0650       1.24
 74.0950       1.74
 74.1250       2.50
 74.1550       4.31
 74.1850       7.26
 74.2150      11.75
 74.2450      17.12
 74.2750      20.24
 74.3050      18.67
 74.3350      13.51
 74.3650       8.63
 74.3950       5.10
 74.4250       3.01
 74.4550       1.74
 74.4850       1.24
 74.5150       0.99
 74.5450       0.99
 74.5750       0.74
 74.6050       0.74
 74.6350       0.49
 74.6650       0.49
 74.6950       0.49
 74.7250       0.49
 74.7550       0.49
 74.7850       0.49
 74.8150       0.25
 74.8450       0.25
 74.8750       0.25
 74.9050       0.25
 74.9350       0.25
 74.9650       0.25
 74.9950       0.49
 75.0250       0.49
 75.0550       0.49
 75.0850       0.49
 75.1150       0.49
 75.1450       0.49
 75.1750       0.49
 75.2050       0.49
 75.2350       0.49
 75.2650       0.74
 75.2950       0.74
 75.3250       1.24
 75.3550       1.49
 75.3850       1.74
 75.4150       2.25
 75.4450       3.01
 75.4750       4.31
 75.5050       6.98
 75.5350      11.75
 75.5650      18.98
 75.5950      26.78
 75.6250      30.90
 75.6550      27.80
 75.6850      20.56
 75.7150      13.21
 75.7450       8.08
 75.7750       5.10
 75.8050       3.79
 75.8350       3.01
 75.8650       2.50
 75.8950       2.50
 75.9250       2.50
 75.9550       2.50
 75.9850       2.50
 76.0150       2.50
 76.0450       2.76
 76.0750       3.27
 76.1050       4.05
 76.1350       5.37
 76.1650       7.80
 76.1950      10.60
 76.2250      12.92
 76.2550      12.63
 76.2850      10.32
 76.3150       8.08
 76.3450       6.44
 76.3750       5.90
 76.4050       5.63
 76.4350       6.17
 76.4650       6.71
 76.4950       7.53
 76.5250       8.63
 76.5550      10.04
 76.5850      12.33
 76.6150      14.99
 76.6450      19.29
 76.6750      27.12
 76.7050      41.83
 76.7350      71.27
 76.7650     120.74
 76.7950     191.84
 76.8250     265.77
 76.8550     297.35
 76.8850     258.13
 76.9150     183.92
 76.9450     116.92
 76.9750      72.17
 77.0050      49.21
 77.0350      42.20
 77.0650      46.84
 77.0950      61.60
 77.1250      84.74
 77.1550     112.08
 77.1850     134.78
 77.2150     135.93
 77.2450     109.95
 77.2750      75.82
 77.3050      47.23
 77.3350      28.82
 77.3650      18.36
 77.3950      13.51
 77.4250      10.60
 77.4550       8.91
 77.4850       8.08
 77.5150       8.08
 77.5450       9.19
 77.5750      10.89
 77.6050      12.92
 77.6350      13.51
 77.6650      11.75
 77.6950       8.91
 77.7250       6.17
 77.7550       4.31
 77.7850       3.53
 77.8150       2.76
 77.8450       2.25
 77.8750       2.25
 77.9050       1.99
 77.9350       1.74
 77.9650       1.49
 77.9950       1.49
 78.0250       1.49
 78.0550       1.24
 78.0850       0.99
 78.1150       0.99
 78.1450       0.99
 78.1750       0.99
 78.2050       0.99
 78.2350       0.74
 78.2650       0.74
 78.2950       0.74
 78.3250       0.74
 78.3550       0.25
 78.3850       0.25
 78.4150       0.25
 78.4450       0.25
 78.4750       0.25
 78.5050       0.25
 78.5350       0.25
 78.5650       0.25
 78.5950       0.25
 78.6250       0.25
 78.6550       0.25
 78.6850       0.25
 78.7150       0.00
 78.7450       0.00
 78.7750       0.00
 78.8050       0.00
 78.8350       0.00
 78.8650       0.00
 78.8950       0.00
 78.9250       0.25
 78.9550       0.25
 78.9850       0.25
 79.0150       0.25
 79.0450       0.25
 79.0750       0.25
 79.1050       0.25
 79.1350       0.25
 79.1650       0.25
 79.1950       0.25
 79.2250       0.25
 79.2550       0.25
 79.2850       0.25
 79.3150       0.25
 79.3450       0.25
 79.3750       0.25
 79.4050       0.25
 79.4350       0.25
 79.4650       0.49
 79.4950       0.49
 79.5250       0.49
 79.5550       0.74
 79.5850       0.74
 79.6150       0.99
 79.6450       1.24
 79.6750       1.74
 79.7050       3.01
 79.7350       5.37
 79.7650       9.47
 79.7950      14.40
 79.8250      19.29
 79.8550      20.24
 79.8850      16.81
 79.9150      11.46
 79.9450       6.98
 79.9750       4.31
 80.0050       2.76
 80.0350       1.74
 80.0650       1.49
 80.0950       1.24
 80.1250       1.24
 80.1550       1.24
 80.1850       1.24
 80.2150       1.49
 80.2450       1.99
 80.2750       2.76
 80.3050       4.31
 80.3350       6.44
 80.3650       9.19
 80.3950      11.18
 80.4250      10.60
 80.4550       8.36
 80.4850       6.17
 80.5150       5.10
 80.5450       5.37
 80.5750       7.53
 80.6050      11.46
 80.6350      16.51
 80.6650      20.88
 80.6950      20.56
 80.7250      16.51
 80.7550      11.18
 80.7850       6.71
 80.8150       4.31
 80.8450       3.27
 80.8750       2.76
 80.9050       2.76
 80.9350       2.76
 80.9650       3.27
 80.9950       4.57
 81.0250       6.98
 81.0550      10.89
 81.0850      16.20
 81.1150      20.88
 81.1450      21.20
 81.1750      17.43
 81.2050      12.63
 81.2350       8.91
 81.2650       6.71
 81.2950       6.71
 81.3250       8.63
 81.3550      12.92
 81.3850      20.56
 81.4150      31.25
 81.4450      41.45
 81.4750      46.84
 81.5050      44.12
 81.5350      34.08
 81.5650      22.81
 81.5950      13.80
 81.6250       8.08
 81.6550       5.10
 81.6850       3.53
 81.7150       2.76
 81.7450       2.25
 81.7750       1.74
 81.8050       1.24
 81.8350       1.24
 81.8650       0.99
 81.8950       0.99
 81.9250       0.74
 81.9550       0.74
 81.9850       0.74
 82.0150       0.49
 82.0450       0.49
 82.0750       0.49
 82.1050       0.49
 82.1350       0.49
 82.1650       0.25
 82.1950       0.49
 82.2250       0.49
 82.2550       0.49
 82.2850       0.49
 82.3150       0.49
 82.3450       0.49
 82.3750       0.25
 82.4050       0.25
 82.4350       0.25
 82.4650       0.25
 82.4950       0.25
 82.5250       0.25
 82.5550       0.49
 82.5850       0.49
 82.6150       0.49
 82.6450       0.25
 82.6750       0.25
 82.7050       0.25
 82.7350       0.25
 82.7650       0.25
 82.7950       0.25
 82.8250       0.49
 82.8550       0.49
 82.8850       0.49
 82.9150       0.49
 82.9450       0.74
 82.9750       0.74
 83.0050       0.99
 83.0350       1.24
 83.0650       1.99
 83.0950       3.27
 83.1250       5.37
 83.1550       8.08
 83.1850      10.32
 83.2150      10.89
 83.2450       8.91
 83.2750       6.44
 83.3050       4.31
 83.3350       3.27
 83.3650       2.76
 83.3950       2.50
 83.4250       2.50
 83.4550       3.01
 83.4850       3.53
 83.5150       4.31
 83.5450       5.90
 83.5750       8.91
 83.6050      14.69
 83.6350      25.11
 83.6650      40.32
 83.6950      56.96
 83.7250      66.81
 83.7550      61.60
 83.7850      48.42
 83.8150      33.73
 83.8450      21.84
 83.8750      13.51
 83.9050       8.36
 83.9350       5.90
 83.9650       4.57
 83.9950       3.53
 84.0250       3.27
 84.0550       3.01
 84.0850       3.01
 84.1150       3.01
 84.1450       3.53
 84.1750       4.05
 84.2050       5.90
 84.2350       9.47
 84.2650      14.99
 84.2950      22.81
 84.3250      29.86
 84.3550      30.90
 84.3850      25.44
 84.4150      17.74
 84.4450      11.18
 84.4750       6.98
 84.5050       4.84
 84.5350       4.05
 84.5650       4.05
 84.5950       4.84
 84.6250       6.44
 84.6550       9.75
 84.6850      15.29
 84.7150      23.14
 84.7450      29.86
 84.7750      30.55
 84.8050      24.45
 84.8350      16.81
 84.8650      10.32
 84.8950       6.44
 84.9250       4.31
 84.9550       3.53
 84.9850       3.79
 85.0150       4.31
 85.0450       6.17
 85.0750       8.63
 85.1050      10.60
 85.1350      10.60
 85.1650       8.63
 85.1950       5.90
 85.2250       3.53
 85.2550       2.25
 85.2850       1.49
 85.3150       0.99
 85.3450       0.99
 85.3750       0.74
 85.4050       0.74
 85.4350       0.74
 85.4650       0.74
 85.4950       0.49
 85.5250       0.49
 85.5550       0.49
 85.5850       0.49
 85.6150       0.49
 85.6450       0.49
 85.6750       0.49
 85.7050       0.49
 85.7350       0.49
 85.7650       0.49
 85.7950       0.25
 85.8250       0.49
 85.8550       0.49
 85.8850       0.49
 85.9150       0.25
 85.9450       0.49
 85.9750       0.49
 86.0050       0.49
 86.0350       0.49
 86.0650       0.74
 86.0950       0.74
 86.1250       0.99
 86.1550       1.49
 86.1850       2.25
 86.2150       3.79
 86.2450       6.71
 86.2750      11.18
 86.3050      16.20
 86.3350      19.92
 86.3650      18.98
 86.3950      14.40
 86.4250       9.19
 86.4550       5.37
 86.4850       3.01
 86.5150       1.74
 86.5450       1.24
 86.5750       0.99
 86.6050       0.74
 86.6350       0.74
 86.6650       0.49
 86.6950       0.49
 86.7250       0.49
 86.7550       0.25
 86.7850       0.25
 86.8150       0.25
 86.8450       0.25
 86.8750       0.25
 86.9050       0.25
 86.9350       0.25
 86.9650       0.25
 86.9950       0.25
 87.0250       0.25
 87.0550       0.25
 87.0850       0.25
 87.1150       0.25
 87.1450       0.25
 87.1750       0.25
 87.2050       0.25
 87.2350       0.25
 87.2650       0.25
 87.2950       0.00
 87.3250       0.00
 87.3550       0.00
 87.3850       0.00
 87.4150       0.00
 87.4450       0.00
 87.4750       0.00
 87.5050       0.00
 87.5350       0.00
 87.5650       0.00
 87.5950       0.00
 87.6250       0.00
 87.6550       0.00
 87.6850       0.00
 87.7150       0.00
 87.7450       0.00
 87.7750       0.00
 87.8050       0.00
 87.8350       0.00
 87.8650       0.00
 87.8950       0.00
 87.9250       0.00
 87.9550       0.00
 87.9850       0.00
 88.0150       0.00
 88.0450       0.00
 88.0750       0.00
 88.1050       0.00
 88.1350       0.00
 88.1650       0.00
 88.1950       0.00
 88.2250       0.00
 88.2550       0.00
 88.2850       0.00
 88.3150       0.00
